a639fa54-9e90-400c-a582-c86a780f4d98#2018-09-05 05:09:58#321be38c-ec38-4bca-89e3-5383f29fab33#54f615fe-eaf4-47cd-89e1-3e518e8e2efa#false
